function map = color128map1
map(1,:) = [0.000000 0.000000, 0.247059];
map(2,:) = [0.000000 0.011765, 0.270588];
map(3,:) = [0.000000 0.023529, 0.294118];
map(4,:) = [0.000000 0.035294, 0.317647];
map(5,:) = [0.000000 0.047059, 0.341176];
map(6,:) = [0.000000 0.058824, 0.364706];
map(7,:) = [0.000000 0.070588, 0.388235];
map(8,:) = [0.000000 0.082353, 0.411765];
map(9,:) = [0.000000 0.094118, 0.435294];
map(10,:) = [0.000000 0.105882, 0.458824];
map(11,:) = [0.000000 0.117647, 0.482353];
map(12,:) = [0.000000 0.129412, 0.505882];
map(13,:) = [0.000000 0.141176, 0.529412];
map(14,:) = [0.000000 0.152941, 0.552941];
map(15,:) = [0.000000 0.164706, 0.576471];
map(16,:) = [0.000000 0.176471, 0.600000];
map(17,:) = [0.000000 0.188235, 0.623529];
map(18,:) = [0.000000 0.200000, 0.647059];
map(19,:) = [0.000000 0.211765, 0.670588];
map(20,:) = [0.000000 0.223529, 0.694118];
map(21,:) = [0.000000 0.235294, 0.717647];
map(22,:) = [0.000000 0.247059, 0.741176];
map(23,:) = [0.000000 0.258824, 0.764706];
map(24,:) = [0.000000 0.270588, 0.788235];
map(25,:) = [0.000000 0.282353, 0.811765];
map(26,:) = [0.000000 0.294118, 0.835294];
map(27,:) = [0.000000 0.305882, 0.858824];
map(28,:) = [0.000000 0.317647, 0.882353];
map(29,:) = [0.000000 0.329412, 0.905882];
map(30,:) = [0.000000 0.341176, 0.929412];
map(31,:) = [0.000000 0.356863, 0.952941];
map(32,:) = [0.019608 0.388235, 0.933333];
map(33,:) = [0.027451 0.400000, 0.905882];
map(34,:) = [0.035294 0.415686, 0.878431];
map(35,:) = [0.047059 0.427451, 0.850980];
map(36,:) = [0.054902 0.443137, 0.827451];
map(37,:) = [0.066667 0.454902, 0.800000];
map(38,:) = [0.074510 0.470588, 0.772549];
map(39,:) = [0.082353 0.482353, 0.745098];
map(40,:) = [0.094118 0.498039, 0.721569];
map(41,:) = [0.101961 0.509804, 0.694118];
map(42,:) = [0.113725 0.525490, 0.666667];
map(43,:) = [0.121569 0.537255, 0.643137];
map(44,:) = [0.129412 0.552941, 0.615686];
map(45,:) = [0.141176 0.564706, 0.588235];
map(46,:) = [0.149020 0.580392, 0.560784];
map(47,:) = [0.160784 0.592157, 0.537255];
map(48,:) = [0.168627 0.607843, 0.509804];
map(49,:) = [0.176471 0.619608, 0.482353];
map(50,:) = [0.188235 0.635294, 0.458824];
map(51,:) = [0.196078 0.647059, 0.431373];
map(52,:) = [0.207843 0.662745, 0.403922];
map(53,:) = [0.215686 0.674510, 0.376471];
map(54,:) = [0.223529 0.690196, 0.352941];
map(55,:) = [0.235294 0.701961, 0.325490];
map(56,:) = [0.243137 0.717647, 0.298039];
map(57,:) = [0.254902 0.729412, 0.274510];
map(58,:) = [0.262745 0.745098, 0.247059];
map(59,:) = [0.270588 0.756863, 0.219608];
map(60,:) = [0.282353 0.772549, 0.192157];
map(61,:) = [0.290196 0.784314, 0.168627];
map(62,:) = [0.301961 0.800000, 0.141176];
map(63,:) = [0.309804 0.811765, 0.113725];
map(64,:) = [0.321569 0.827451, 0.090196];
map(65,:) = [0.341176 0.827451, 0.090196];
map(66,:) = [0.364706 0.827451, 0.090196];
map(67,:) = [0.388235 0.827451, 0.090196];
map(68,:) = [0.411765 0.831373, 0.094118];
map(69,:) = [0.435294 0.831373, 0.094118];
map(70,:) = [0.458824 0.831373, 0.094118];
map(71,:) = [0.478431 0.831373, 0.098039];
map(72,:) = [0.501961 0.835294, 0.098039];
map(73,:) = [0.525490 0.835294, 0.098039];
map(74,:) = [0.549020 0.835294, 0.101961];
map(75,:) = [0.572549 0.835294, 0.101961];
map(76,:) = [0.596078 0.839216, 0.101961];
map(77,:) = [0.619608 0.839216, 0.105882];
map(78,:) = [0.639216 0.839216, 0.105882];
map(79,:) = [0.662745 0.843137, 0.105882];
map(80,:) = [0.686275 0.843137, 0.105882];
map(81,:) = [0.709804 0.843137, 0.109804];
map(82,:) = [0.733333 0.843137, 0.109804];
map(83,:) = [0.756863 0.847059, 0.109804];
map(84,:) = [0.776471 0.847059, 0.113725];
map(85,:) = [0.800000 0.847059, 0.113725];
map(86,:) = [0.823529 0.847059, 0.113725];
map(87,:) = [0.847059 0.850980, 0.117647];
map(88,:) = [0.870588 0.850980, 0.117647];
map(89,:) = [0.894118 0.850980, 0.117647];
map(90,:) = [0.917647 0.854902, 0.121569];
map(91,:) = [0.921569 0.827451, 0.117647];
map(92,:) = [0.925490 0.803922, 0.117647];
map(93,:) = [0.929412 0.780392, 0.113725];
map(94,:) = [0.933333 0.756863, 0.113725];
map(95,:) = [0.941176 0.729412, 0.113725];
map(96,:) = [0.945098 0.705882, 0.109804];
map(97,:) = [0.949020 0.682353, 0.109804];
map(98,:) = [0.952941 0.658824, 0.109804];
map(99,:) = [0.960784 0.631373, 0.105882];
map(100,:) = [0.964706 0.607843, 0.105882];
map(101,:) = [0.968627 0.584314, 0.105882];
map(102,:) = [0.972549 0.560784, 0.101961];
map(103,:) = [0.980392 0.533333, 0.101961];
map(104,:) = [0.984314 0.509804, 0.101961];
map(105,:) = [0.988235 0.486275, 0.098039];
map(106,:) = [0.992157 0.462745, 0.098039];
map(107,:) = [1.000000 0.439216, 0.098039];
map(108,:) = [1.000000 0.415686, 0.090196];
map(109,:) = [1.000000 0.396078, 0.086275];
map(110,:) = [1.000000 0.376471, 0.082353];
map(111,:) = [1.000000 0.352941, 0.078431];
map(112,:) = [1.000000 0.333333, 0.074510];
map(113,:) = [1.000000 0.313726, 0.066667];
map(114,:) = [1.000000 0.290196, 0.062745];
map(115,:) = [1.000000 0.270588, 0.058824];
map(116,:) = [1.000000 0.250980, 0.054902];
map(117,:) = [1.000000 0.227451, 0.050980];
map(118,:) = [1.000000 0.207843, 0.043137];
map(119,:) = [1.000000 0.188235, 0.039216];
map(120,:) = [1.000000 0.164706, 0.035294];
map(121,:) = [1.000000 0.145098, 0.031373];
map(122,:) = [1.000000 0.125490, 0.027451];
map(123,:) = [1.000000 0.101961, 0.019608];
map(124,:) = [1.000000 0.082353, 0.015686];
map(125,:) = [1.000000 0.062745, 0.011765];
map(126,:) = [1.000000 0.039216, 0.007843];
map(127,:) = [1.000000 0.019608, 0.003922];
map(128,:) = [1.000000 0.047059, 0.000000];
